version https://git-lfs.github.com/spec/v1
oid sha256:a14449ad47b0041c01281ac3cf674767ae5f0f19e1c95cc40e8e222660186142
size 148
